273972936
1156027380
54897326
1330685762
1019350271
1066472138
904968244
1118526680
850103117
369046370
1082307335
641036441
804085938
480123918
309235520
1206800325
691450222
659810535
1098503692
929990747
210944655
127377836
1073204757
1215811647
497194003
906060774
472263841
473889648
1173991699
1157783545
411693398
1118578449
911079628
469653980
750081763
1268616981
783501991
728958664
1287465670
868638117
1122184519
544956834
1029409894
1069086113
340740770
230411583
1344375688
1236805277
742025571
868680380
898258100
900852010
1137367690
793079322
976452107
446949347
45031951
934075649
1163465062
992462087
1250783400
1142234111
804211821
1277070551
1371137299
432699372
1137334738
1074868831
993052179
843816130
131930337
1318017824
906872270
1109094638
929598795
900660659
690091178
720119670
407266392
610764729
1235521461
625556059
1224441259
1228343364
1228661036
1076237064
366282622
82511815
666457914
980970045
1065514540
1275935499
563662259
1021990790
214048463
1016090468
1028362672
1157834188
1258971938
1034565010
995842029
65652334
1254367174
567651258
208198957
1145548245
888999326
1120624269
708868375
926832747
1116727222
1160873686
290522124
624150686
859642738
960056262
1009216287
1083118338
1108024473
1312015561
66513188
1008376098
509000723
177832682
939360423
1074983817
1129861866
400086083
885348463
1010164604
227053003
490749511
240311966
537629191
928071621
1198451433
868266060
1268212151
92603614
702147148
1205400985
1066125118
604057879
623000814
926872894
881711669
1039826272
1190336649
379792624
586272975
403176865
37261079
1167680704
1110981996
921087882
853369832
634432944
1126453603
1212147741
1180575302
796335268
478850976
651400198
1102299207
236792420
1293348970
965444618
1183712954
711221645
415098662
240211949
1169073345
979838117
946696589
934485319
195215889
1209356660
1347503540
635917902
951013363
785211642
562194733
617176914
690369331
701219317
858107760
526804409
377984908
1234545881
919456265
238065891
1109402609
924253528
788681569
1072766558
1291114448
960868514
1318123418
894682391
647168475
1277461838
196765
1070604904
948757074
1114775600
291583637
1227584449
1179519140
1329424044
1068590879
723807815
298869489
260887446
610310039
75335047
618822668
532331210
907938376
238008224
844475868
437506079
1250004454
910014730
1181236345
804784445
650558917
532245231
1288065228
1086670693
1195452954
250699677
946668920
807311558
1389469069
1010161411
557570867
1202649653
1182919008
354502411
568288523
1102111536
391383829
35539530
812216531
965186764
1092457206
697519146
1184782516
1160130352
58740718
1224532494
407488359
807442616
1163262904
547095625
413056248
728125074
555926689
572196249
1158574665
3691921
957101991
1173895118
1366007012
544051039
1210448187
553823301
1180573060
1315754668
929444831
847800431
1251162890
733911203
999492648
277832032
475604514
405482789
1240715098
109045074
242680573
415982918
801726103
850599466
400263892
748972173
825750069
810077327
745131050
489871153
1063339539
1296719075
1243420590
115113696
1114893176
933058718
571144617
489375143
648437988
429887321
1028874718
523838761
695363836
1326007048
678439678
1016357885
98738252
1299265595
1142234754
827815209
1185293948
1311954380
1095285165
1130854174
1095702231
533085800
251774782
878027918
1207967351
1044590756
1008730971
738077732
956481529
1220969190
1203291917
1051274607
290097795
1088236280
1020651694
1077789414
1238954602
458526211
591641574
1191889245
1013229801
1207118948
740478354
313565983
519929953
1231331602
481941534
457446402
1144747485
1126677403
204239586
1009088473
1278215305
969728042
145862004
964461975
784492061
870040897
511140091
422765668
621072581
481703703
971518440
275562288
406206359
732538160
94417464
1131528627
875401062
785875747
473231737
852907340
1305588806
921415159
527479402
471100092
578219814
1111566626
1008154193
338602319
1104677984
605346764
723131094
716636336
1060713160
1940715
1087099253
1096984798
772103960
946259193
1193489371
432042175
698826558
980682172
1123989346
742863273
1225959037
1222850380
1187960441
1359421468
354651868
1345503449
325904375
79711030
766400529
1032213169
1173457017
776866157
1067907466
938311626
879125857
420705071
132716732
1112638866
458317278
929870071
305996353
415095449
180589422
985404568
444339070
1170285191
1288410376
1091003929
433857739
239977277
603000792
723019054
1049207786
448713829
915766326
1131506226
308300323
108726830
364419837
308996118
330813859
946726489
207165445
706389643
1117564656
776677807
842965177
1253324117
649361616
1108557562
954257977
441864509
800241940
312600275
1104238272
1103028516
1289841498
326698840
32231615
1110380415
1316781474
1115523524
1073633363
1250836485
951547679
643902315
163129880
1153062011
1355176435
1279807717
1145002829
1194471394
227088391
1161482627
1036296624
800188928
1295453877
1034125699
1222720312
958121653
1162662859
416062208
1293752934
1124009474
1224649958
206776189
103523431
566242694
1315652907
1164162240
391805211
1336542796
1111389028
1319224838
1153258853
954100531
1094322216
222047659
209913283
913647393
1210354780
754160350
338066266
449261488
484789284
1231660099
254385185
1269557870
1115365827
1062777577
1077482731
751182923
746562901
499166753
752353949
1173295376
1111755300
902237026
909102854
692880297
766447201
1104606728
736914139
282087054
930365489
109081487
480537053
947946308
1276656645
206265896
1073597235
420405028
1074925521
1117642198
1384950414
1128738848
727888476
1148650719
730958644
967541953
1324069215
986578969
1384133573
728213175
1252341597
954896807
1066010217
938864338
529478433
385068168
1139201425
1133980102
531404593
867184086
337452273
1148803636
334911390
910706586
657681671
981533680
154480680
828867456
1226644704
1285446356
1276806216
929998852
788454310
1102124924
82303085
1252693003
1296170770
210917088
1116627377
696421369
1271708391
67177879
514009273
841089495
603285755
812418125
1001396035
1111601294
729039826
797460102
573844271
243656913
258698720
929017662
323014513
461751446
1284339730
1186235861
1222692456
1209848920
1045351656
1192075923
378628737
1107733283
1285629017
1127586132
1213150281
1054401894
1262525663
1257462857
998320533
408647529
641001379
714296524
944665375
1190401624
841463439
852640477
1132847917
1231139829
496457143
1113829296
681052253
236231720
1073785929
812556941
959834555
887846436
733663367
878908965
1242822251
1114226338
1135014345
1200468298
1088657201
396637092
226366414
1264866226
1190413386
1257361597
733909986
1145173560
1244371914
388867172
197750143
332948601
1024992553
543534037
1206314578
200069889
236908518
942206162
688016448
1244206966
1177498950
401910632
391996653
1234951558
552631676
1249709488
1228897789
102050384
623457355
497767142
1052274819
976629351
537567248
321214209
1207684110
475011958
1121133344
476641454
1118475770
1217711076
819119343
926918145
312322947
982445563
559338190
610956210
1185948767
1110048686
1246647602
609587587
1216996673
1213673121
937751002
1284508259
1037572417
1185081816
913210509
1112957352
761040687
881802303
1018646949
1254301445
810327339
1007921119
1179786433
934082728
1135797775
1289951430
445023090
1247969602
894335774
1277400568
562082781
850993604
975938438
818492370
500546523
1209738702
1050757644
1226149306
240253844
971117325
1261103143
777302307
535682514
1126966793
1166356521
1074845538
938749438
1208941347
352111102
1060574783
741717930
955154937
282676419
580016581
887950986
1106452696
897435590
890261275
933851686
517162317
887303812
1118174592
183877784
875767295
601187683
1045067762
1283167947
884752823
1134994256
1028966493
1147286288
996314700
1164150120
1247340735
1265141040
1109339714
1232125288
354502298
1172827776
1034162490
843842454
1074062611
1003711096
395114815
578779113
287485590
661892728
1017601690
1213700625
1078769618
1160960207
950694514
1163340868
760926180
1103255964
1293022521
309804926
1135666631
86928030
347688906
1117511599
657608463
517241022
279604856
429026600
852021091
757192213
916053486
393089642
437054542
1106891763
317010271
1204731725
901700146
1045933592
448550793
1034780896
1203676287
790495972
1127277020
1177937922
432972622
1226350045
691585391
977838391
1233776121
880123258
941454155
834505658
347001378
1072343379
560409886
999325460
1202758097
834729319
794305813
731258975
1010509802
1079243212
645953504
811853528
790983324
903586299
1098029878
193323909
1275095892
580009629
1098356156
1139683746
946176938
1298974815
1016082111
1071639383
543709210
1051728605
1179146702
427163396
1222788652
1254711250
450914065
1067611253
1103353803
567500060
1146562708
558100835
911159651
58614479
806631216
1057077639
338966855
1144666184
717397849
1038639143
1211322345
293497752
158237344
642852136
1075806802
899963977
984926663
1270465674
417650260
908158671
1198405658
1085152457
264091641
1228673586
450025720
706128630
300053885
1103302332
1017456867
1193590847
1251428187
925906533
838425565
1239465983
828369268
1209808948
674420587
193468880
710078441
230636121
972066684
1165464156
799138728
1285447045
1280341307
939841762
1197228049
307847760
817855508
1206954178
1206647049
1028181606
1211872101
1230587152
814388159
1076965314
461439700
1250212878
431326933
1120647413
1198241614
1240402449
1158619935
1183384150
836865451
468808394
1153971163
905345452
952875032
1274576146
93258350
600761245
234757030
1064560369
910266393
1082143028
1297494977
1175810738
920184899
901740017
885949117
1061855053
693178500
1293001990
1129317292
1196307659
593700134
1022622006
1182789224
1231241562
168812381
1179103605
317229393
26078216
1112327249
922195326
1283756055
1050877669
1209664495
1075735388
1028380732
297967318
611650720
1132802727
1063318693
1127728667
1008653201
294421114
925357288
1054448517
253046278
611813365
1141821665
838262143
1135819538
1222519300
253677997
1224221642
1092586314
1044138928
1289109316
1049977175
730324294
151147297
1237091424
854318373
1214715924
928390900
1103395132
1218823973
574706455
807645541
1132481237
768957115
215473552
1184414945
928464416
1103849903
1140981823
829849790
1209649803
580516114
340278157
873943432
732335017
580893422
1059755974
966083095
968705862
353774494
66631081
737036691
1004427957
28608182
718439838
872068960
1118187261
354253764
613488
1161562832
710549297
373727112
1166892649
814806045
576301825
1085990219
962629124
1172347540
893549403
1084987831
1218857740
373173878
326171981
320532035
542436563
595698956
1017934421
951377823
1201483648
348287439
1172443982
415450718
66835625
770198209
562738752
911665393
284172071
789946976
1235994450
1289847351
1070384862
1145342953
362062962
955639309
407541784
456871255
244416407
1145468362
1087233615
1207932686
885008607
1088869218
1231915578
1065493675
832566379
598522389
816349992
1199409562
120784779
471554966
1201092626
369056605
1224115759
1085555210
860931823
1180553293
904153056
271651742
842552834
1228976251
1020416940
1127217200
427069071
488682108
712318246
1158044697
1079662909
1102190478
1007359277
1146290427
834946233
619668941
489530237
1166857096
1029301481
1278776226
1154639780
213124823
307513248
1197890542
1227836284
164126562
559171868
415723601
1097258272
910146174
220606922
1231109716
1068356758
369340698
551109737
907729670
646062534
421445889
914710840
680663788
1036193928
951656320
340939717
830439017
1253708862
920506104
682904585
1051393237
115335917
1101330256
1149080843
621275278
997511570
1014832162
697547337
1022709648
389316674
1115998593
421135290
1187777368
403709827
1191205485
189400840
568288886
850212591
1018667510
260651066
1297520786
376438072
1132222752
702956062
1170357423
1107518478
763412525
1269486936
1204401316
1201424359
1027400125
1205244022
1124947170
1063252865
419374504
1217030229
383029711
767420494
1067036094
1037623649
909947997
1084213940
1075868339
888436577
1210488566
224856781
352071618
453581789
1195188400
1097115790
1033731456
995407026
1264041986
856204694
1076372913
1244208999
527813358
536334035
725633768
109804663
856692956
544476320
901544906
1037121888
935188897
946385255
228265829
766684544
1086170781
553447936
451469302
739290614
589483167
1135052726
227176752
591599074
1101023992
988793892
1215362969
399987085
965831507
1281189482
541540871
322479254
1040703395
150108158
44279679
234837339
928114205
994335700
491150329
1274080349
528524465
881539794
561592049
316002605
1130211223
1278474576
821247892
789266778
1032443648
640114320
333780060
1150207504
973941752
636530665
924244294
616496935
990834793
217651204
481924961
492322888
990227288
982666253
796475204
1193416881
269832359
787958462
841812926
1252503787
860344767
753348099
966785751
1292935991
809634461
952735299
929690059
602320108
2857574
568148969
424156471
1155852695
221668906
136795824
546783998
399800214
631159922
303737998
725765166
539903299
789332559
323333311
1140813798
986946576
1128657408
1089697867
644271730
559232816
596553673
269277939
935116231
349416781
1169492990
754112831
567809011
642708993
147721656
649198377
131851376
386233276
892797695
439891676
131065560
1012909688
256713722
942815236
1134527753
749860009
1141658427
697078300
1072873872
434290318
951449838
534661285
1150481958
1147509019
140350970
978281208
587662946
1109809711
1111239944
1220849127
1237315973
1167414274
1162123519
516743259
1121786488
926281019
532670025
1093515253
1197363934
588317220
383194440
937486280
987878884
1108216550
1168029023
957769092
863845201
677371919
735445802
186686421
549965689
309597778
604016391
958275279
1161385803
137917190
876291805
1208508749
839843389
217057253
1253235776
1217437997
1091983072
1135107609
1299351346
595980028
1002288742
1077325723
583791102
391149101
261544043
768558451
791374567
1193930727
584082527
482056567
515144763
1282779761
1227669025
559049357
1185407121
596530775
993058554
736672949
1239768836
1073311217
1142521272
213286094
501285167
1237564678
1115903041
989756485
1174133091
197077832
351800018
847974648
386176147
1181157890
442997121
413176568
1205223850
446915256
1136081547
102255446
1066242348
764158443
869908190
413553382
1080523711
1175193395
734379567
1085449818
1242122467
1246990108
1155736912
128069201
502742213
332224970
486029459
1171158422
1033055718
1090400238
1252168164
1031711037
774141518
972467450
1132928491
1202313462
599679781
1205426701
32974784
999419609
821801296
945163476
102001396
521829230
1267743606
507766572
1039301866
422833805
1033726719
567319174
358660533
72637656
454719396
964866059
746946657
940176960
982580147
864374182
517901220
1038191738
846894396
1190932024
994888366
1060871077
1067592814
1194404074
1201055502
1134889165
1215803933
843527384
544182594
1175544309
461979201
1235418885
731143104
828000444
1034470449
881858941
932790452
444754401
584766715
472812240
93591671
498223764
1026830960
1150607119
1243016144
643435089
376321908
280280834
1119696150
603538928
671496847
826444816
503716138
1151024057
1180149898
298947408
282775344
1025851161
1287471007
686780230
1144662732
1197256091
655831640
731461594
592509303
1028077604
582342342
734630609
1115329033
1151871705
1000334717
1025578409
922984340
1285821910
1146712510
262414763
1275305607
534433603
797498462
623256373
1232454237
1250793667
451165342
1223538548
708268809
803525470
1182092567
1085754207
739778258
488721438
600190760
616835606
829811747
548288103
902089508
1028152255
1175373554
825039206
1154029796
1212442170
257924104
301573543
923521002
1092380942
425521995
215811242
946500613
859009892
1122365314
1051909811
1231022933
894730713
972948557
522948174
978877965
1117171150
730083866
705121728
370273037
1253476987
667026015
766128395
684070769
1127626594
1211936505
1113782765
1156619381
1102877567
1145172589
1011755168
253108079
579134974
638770078
1294585069
382076968
814859569
1190185958
1278343325
1211674772
1221273605
1138814961
1043127751
1044051087
1203540511
562004337
226837529
1050343421
1162483723
970795024
679060413
1229580792
1153435619
947774207
902952350
659956964
1166802825
466799956
1088194224
1276639068
617823657
1092640158
692512150
1237334351
906667725
315245872
1038297900
1275022417
1229543109
1198841513
290809236
493971636
1211306531
1039681941
1193637917
1073422531
1062146933
292154637
205636635
958261195
864919778
486534653
1274754308
792941740
1242441419
822293831
846927643
814065938
1031744514
870425864
1045292789
1054633439
219096811
742742505
621289807
1046731075
811849403
929736164
874492802
241002309
1239585263
1225601218
841536883
453467727
844753500
964284923
770522092
1292035819
1086604289
411094248
758105784
1195771593
1142671667
420775081
667450680
492662329
1243475912
936478029
137542041
1096684795
1201751765
1013785369
948514634
709146577
966641138
718404195
287765365
941509349
703694488
904724066
940231615
1072672236
948957058
1166361376
1216710753
1196166015
1233842234
1137245440
1252278819
1223194980
737902373
961571097
1088184407
1233185763
908514600
1074341602
987946337
278753452
150890953
1118695262
240437829
750703746
389957686
1011711354
775138355
1013105147
375777352
613626328
1130762827
716760130
997415838
483740343
364301240
1079745769
20416967
327790412
694053711
185431484
96542998
1130246329
1027957821
1148344737
1028037298
1007449238
814876554
979102307
803955709
557082416
753274204
511187781
1115945988
292615048
1114954945
180561159
221114548
576326147
1147641534
1005418946
944049429
425728989
900081727
415999118
282972024
1017855893
1028801913
746014675
667810359
1226764033
1293422724
1122106917
1137691056
1138102406
1130228484
1064129519
1140090864
692173390
807578236
1002946257
1005193147
1001685183
1202003690
1063801169
820505695
863710078
1039094963
1235962330
1077234125
1166917689
1175290241
1117560048
971741782
908415675
851259365
1142524084
1087704772
334227007
951747181
731693281
670816458
256804526
205572271
997888952
299563852
1205316043
292106415
1112562270
1007593525
693951161
1226382530
384136930
1215190550
1000326726
993057788
1269289413
1103911429
531638274
72498023
651429261
149315445
216452750
988920938
431757634
1185712670
127236005
1040741145
301259222
1283728034
544249257
1021656380
971794077
886422012
329653118
1129304145
688139134
427574852
149346132
299973096
785418299
249156916
1211613789
831907683
1028904513
1243325833
814700864
484233890
1031934560
269593781
460397897
896594289
683155667
1035085212
862209601
1274834778
98921068
587230091
882511690
1137918277
1143010514
1178692465
827720282
348455025
909977042
734348356
764967455
1153929366
784450558
551339376
1098525663
504679760
972507568
924332214
1062532691
862963023
1039514081
752960933
986634035
910864282
670881022
1261176878
1147139537
1163226223
219752948
1083025512
1116126632
1010746569
1107436857
1062143264
889991481
451851101
772072067
760831345
1012644023
767890602
463702947
763323165
1012099203
1141301939
487936756
578427440
554888665
145007455
439935310
383132842
392851180
506888655
935077692
80785964
1208533234
1060753344
1095250788
1026408197
291105962
983294416
1218951155
868866375
335727275
326094025
804217569
1048635241
419275292
1029173464
999432457
659939571
385941657
315789779
311098809
282933786
375127555
1130010391
403362683
980681915
165992815
727487129
171821666
406145102
866403340
1002767051
209096867
367108978
246409911
259843374
572977062
1040191555
439447733
931036390
201957554
767610491
808068022
370440987
1182911684
944845555
1118604986
1209298024
1133446099
1014575260
311923205
811730397
1014635055
464241767
540978515
329377901
1199966542
592415190
1057679084
905029084
1091588345
1159213259
1281454076
553147242
814782408
486246733
888429695
924170545
669332155
647941053
1033560470
394580423
888203120
938595257
1065073169
1002098374
1058844327
1012972792
1233353538
803584239
1138179111
1251097916
1034682557
1026525216
546292062
755106459
1091498153
638673030
1142973501
925364318
263631714
1060634663
971283580
1072403490
1113161311
910598853
829546411
976474975
304563712
977794835
118170587
1048096759
1054294303
992830290
1146822200
1016433503
403415251
869642018
1108088718
951240824
1002699824
443345455
893380584
972580263
900441212
1053963940
1036384740
892049840
333312242
744700668
938738755
1093479435
671292452
271395801
786899345
993915513
1022905978
1031020223
989967460
153919671
299520868
905842399
426079842
760855376
977824793
1148689839
1012910865
992830482
959717035
1069333723
990187746
1050665653
829918979
999590189
849574453
1061116780
822068768
1058486793
1026816451
912485905
1046834470
1048610571
832999003
1038597052
995487248
1077638802
954311814
828613668
990292763
1095313964
800924969
814990077
1128228734
1147375367
1015840224
919810166
926012463
979154790
638265438
838653409
969147349
711997234
707468735
1088413226
1011281628
1017014869
935947216
986200272
994715315
1086021983
924272330
989953054
1110588233
758121560
652735087
1141204393
992035037
1125958679
851307959
1120353832
1091789050
389462364
1115059747
471148523
1109223802
722473960
879634283
951946278
800665221
1065969873
963066842
1144875840
93718851
274549321
367193930
1001472351
149497842
1090080635
1030685400
1003760446
846831400
603425884
947129860
210668283
940678516
105754702
923375571
438037697
1052115484
1084509780
1109173596
924888977
920122070
967496532
1018471658
1114232046
1054260598
917921338
1066608980
1119951843
1027541159
292977813
1064854663
1121397586
1129389435
1028961545
977754161
151005499
988954173
1007225574
1096944063
1113983981
1137920290
1053177687
1039564882
889131491
1138597339
383183694
278799334
1145644531
1133874150
1105174443
1061507618
1071870104
228837605
1082714025
1082739167
932758455
1028719751
1087443851
1140488722
1142989403
1011096041
1135358675
1129055430
1062953945
211304894
862394697
1139220618
1074049090
1064858364
1084789201
967992410
1060533976
916435782
925477275
1149738099
1053652539
1130573222
1124176292
1105450565
916729029
333351961
733058566
446552388
968875157
785687433
924737316
1139799892
945032455
1120521553
1042884314
1115706233
1078896621
929801782
1127399103
565575189
960232902
1029211437
791966535
1135686871
1143079227
1010547938
1142685978
826480699
347160407
1030075851
1107698778
458478499
845677691
1097646243
1045546585
793908399
1138866565
433863427
1000744051
445967320
1122309084
1018149776
1098253691
112213378
448894085
996739948
412430571
838965806
777816448
763046006
472025020
902499105
974080383
973713566
768744813
310829822
1048223435
462186357
339812092
1074893981
1131968564
848980541
994837241
464011584
211762690
1072263279
1016251123
889927867
343584650
1018747203
1043283023
771735481
1094397090
529607276
667865122
85744825
897648304
693960659
1103162318
915786586
911651381
1011870156
956543805
1056135249
1364709
429792350
989890435
457994343
1119001664
1083915763
1075889976
244403223
534071594
1075304503
860531691
463859858
1015797417
488838142
545615396
908747093
1067402307
1063555118
1051335370
852779239
483762371
1070097765
1078813485
1093389184
1030071509
1118595626
841227208
918114817
782048158
360536313
160005358
819273042
656821903
1055940486
1148731644
544314280
1128806086
739282394
206688948
680293896
1085228234
1015037818
1128038183
1105446570
45743298
715600027
378700895
1127345200
1135718395
998458044
1055683584
865519867
954770397
122531506
242693164
320081248
1043439457
498823402
933380065
727460809
632016651
1026685128
903437534
1115827995
870653942
180934759
970478852
273419868
709742456
147530908
339494990
921233296
905716741
1015310098
961776095
994036143
1043521264
969817221
1012431232
828952412
1082110944
1088896877
1090278873
997743950
1090902056
1036087853
952576985
867568724
764860500
1065114314
837410806
959024593
1005129936
1040001584
871058495
1004892458
979108678
748924510
509343581
385768673
117485479
993280634
1050366434
1068145724
948571127
1100980652
1096923896
690608367
724535947
1126797809
1102875972
651532953
1135006796
975796708
1132044686
841832496
1017699048
883315717
1050433388
1141276499
622953412
1084329217
1013648176
1005015529
1098792325
659810964
990678777
1045259022
1045776919
1111598190
1134972970
994470297
997427284
820731978
1037697064
1117980394
1073854878
1035236835
1074938638
1116746640
1063727920
934965783
1149491845
946739662
1142202157
190586570
935988927
541322856
1001472334
1029064706
1138263786
1010771825
976906477
1131334184
1080896976
1099047227
1118456875
1034607958
1025246221
959386947
1105820972
820519762
183641557
460242245
1079306055
907795440
222450962
314241927
1093582371
841863075
1091607964
519476544
313858467
783943272
561242923
1006884715
1114047300
962806674
1052419625
1065536088
1038876805
953463935
912759477
715023384
430851160
1012974134
623499488
280663983
629889463
849881112
981367927
885180650
1066395659
291292690
1085923467
732798575
749314331
590336426
751054571
1049725303
91873198
106656791
1033594447
955920317
998500750
451173654
642303883
213671053
474994764
1031122758
1069815567
937437773
777791966
980286259
941131667
1014194740
1060949878
1051423868
962497486
913150333
928231737
937778198
808163584
892657356
759526223
820680776
988331973
973526497
617200740
882218446
975450556
721129130
993344114
1000540059
803358955
1048442376
1010336347
930144636
1032272586
809760031
931209813
272684634
1056567057
942712475
1021517109
1043777198
1008470618
1031891978
958577030
140481718
1012663677
1089105827
974697511
55347320
995483556
1038965924
838069620
961470752
861661323
141555050
1017527077
1063880294
1030848166
908671273
1034588065
242679509
891033006
660563761
451072237
867400091
929830844
808601551
831131967
209153958
895990025
474728288
850766645
1038006947
1034577235
204198727
1014421056
937001395
1038036688
1078534931
1037460495
1038857099
973842555
67432506
835781066
541000485
378941761
485211872
1051444275
553966879
776189527
1005294748
631114620
941514204
926263715
438208057
1007172203
432283716
24886002
371466338
926109904
942240549
63984358
952600735
959746504
949000092
325598412
592027512
795118483
273546672
1096170553
661871343
933764849
669669844
548306746
819574900
927003098
1068193878
329453009
1038286174
506788047
979962654
945920403
1032843618
991233625
988656091
819055065
915068450
1048973121
473131408
795135670
875545876
893241557
522285918
918624662
909379271
735068351
932123767
932521468
379636473
772222457
724872443
259648266
494904631
1056323357
1072281050
483862828
811602439
2993051
1008930319
997332954
651051308
1011227639
872581053
1028864929
1067039362
964544642
1047912482
931430733
975259156
1023890877
105536857
406847672
1018559754
641663370
1043788554
772338781
346775197
899478015
65726434
952932087
516113863
908632717
765503021
986660314
709496223
731603672
979491935
985086610
1026507701
988194015
1090377042
896759226
890728125
656885817
577794653
1034199442
932552593
863643571
840110414
633931236
767181574
370959372
970696381
904960378
1042937092
817939406
955455579
838217855
918395747
793676647
1034963478
675641141
991111218
971312190
1079390277
936317285
819887522
1056260255
274561793
812711687
1027083577
1004041815
994768150
925927749
806657730
1046386562
1055571382
829644985
981861872
970599625
552914700
827139363
429705888
1022455890
1098584819
1060767791
1084701393
993085610
158689834
938769035
968473889
1092569144
513625060
992603186
657355741
845783138
904275453
568883701
738536378
147005187
521645507
609472023
926530142
1070898556
528219289
722899535
392893857
235866353
414757834
277200385
681267893
277588279
881243772
1042479667
317546531
904568001
882581174
1042252598
1051644302
1029265772
941714460
878636212
981154561
1057822158
871271161
419021277
892075850
391902031
96065
250091254
526291448
852535392
251880275
933858162
1006701882
950840133
995290221
953231809
842835414
1049563287
977539178
903013843
901774079
679200244
490218481
1053948458
1022148816
214808623
980773683
765382256
833138667
1035844928
454709994
459389433
116997097
973706419
697617708
1014056098
607079300
441983302
947375578
973206942
983811709
787013711
427806944
304980517
293894818
355944663
935211762
822076982
202059146
302990815
903653038
787993746
1024318300
902130538
460008675
654166914
878810940
295509491
447500231
1057094862
910228240
465309054
905280264
747551719
1043141313
773976957
322912281
1053314419
705994646
1003003939
924812206
1043427760
708402081
961446257
909393864
992230529
764924022
956049957
930159502
417000296
1016775594
771618312
918919026
898485
903662805
604832702
803938
463720106
937241294
1068209997
360654097
595155441
655041648
654852513
919510378
544347753
634994715
1006263230
1030389730
696526357
975544746
867214713
828022128
685222594
97474591
576365114
633463456
148898492
194420001
965232089
922819907
392071542
1032223891
863398995
1019444118
622413657
845110046
937913594
714995903
913704922
270776612
685989465
894017241
1018483700
835579381
457700298
925940545
608125059
1020497687
967056971
374190317
984097958
887785099
1007991048
975889155
959320958
215336007
940138907
377123858
840595385
1041725905
220745522
308191573
67275821
252228799
542709666
883900547
1012850099
1026931035
507807115
958071099
975592545
348817055
991947533
173445516
973635747
829717064
1063590327
1038397096
744181281
877156202
776398077
760586201
853092267
1000666548
1059816643
632191093
749201227
165697007
414343749
572893693
987172780
238408065
621125872
444589977
967170141
739838298
410210789
1066726815
45376054
646884850
258699421
874664602
506071714
778339076
613712922
371290648
669217021
330245921
1010245723
293011650
903261021
1027763927
898194873
637559859
352491964
154560536
458858884
288260397
319725286
675680850
262358089
1063858215
979762018
715679684
278678500
191105884
570776332
762869634
482314
1007577942
980320281
763926352
1043302770
386503019
167265412
433815330
838308905
1028834767
456991844
817858179
332436559
883025019
683896715
486343502
334103329
990351793
248460323
788978850
513835908
539701640
159017304
672812085
399769054
712687615
1009585029
285648160
142300252
534796489
1009468040
993550504
327867818
972454238
682014744
442729351
1055868353
358907730
770836786
290169054
523932131
1033452611
600493143
647437961
228243412
616156329
597903078
918017906
828519175
277158283
771388939
810824816
800627331
879428417
814847950
412046817
585622034
978877817
945909430
687830939
371926809
817969275
933397100
642095730
901834832
262223332
207888250
1013818902
1003413567
984370187
260903239
921883421
863233966
935237031
992268147
1048780619
635311197
336111935
1015286442
478135460
461605962
523333580
831506753
349051670
987238344
372632095
1026834426
430959417
783086746
753641429
660498346
590540469
257640819
277510321
1056699060
365093366
977005537
487320786
585544154
551514467
699227331
485362537
770865396
586594960
567692706
543688652
812336125
1035967221
1030836572
951041719
406930765
747136204
745745638
1003673006
349284259
973359550
512338503
562116559
591524438
450925909
657680727
213134946
727172088
747368929
472518576
939489797
705859070
962405441
943401197
457338305
674735905
424857775
664780681
856296607
711045705
1011937391
82229786
927268768
561054885
731707908
1041239386
908521307
760371256
337828164
328171552
972137735
790035693
585773211
878189944
310405492
857877268
902679567
639128573
916804575
119885610
467520001
978590952
652887202
613091458
928687596
359949588
276907631
932548239
925385823
638745985
941213793
451360731
689297490
939876639
821729281
573505096
624833802
363790678
608336245
965228335
500382733
685619562
306933554
396024181
378531087
569322800
214789489
525354808
540368337
713468398
861733791
6157278
747536728
25925704
187088169
511831413
978636539
515930902
300359471
721536134
956185002
351249810
913004804
850402362
740815516
791312840
110011218
633222559
245417754
252864240
639445689
670634468
974552278
886370327
724286006
626833276
887901862
323138271
859286408
339907758
935270872
212424530
715849319
947845
753870210
814193331
577513407
773981196
421689168
961896663
141216161
653157351
166606181
443401916
632942498
865080755
549856546
623723389
527929451
393522353
954036934
426668829
929575569
647707770
514123553
509043766
657779538
939220266
860291550
718129845
985241681
790314234
808013787
178273284
868509815
756487053
868058686
963628757
841557416
576444405
501027465
641488016
659844079
821439161
786607100
887447118
718231691
734441725
67149844
655073456
659011860
460438371
409623612
816224812
559254668
914790149
822727669
793132947
847228322
887300649
960647967
340662906
357656875
588412296
595921717
958340838
986192143
139416904
843336790
480229320
934640700
933949835
976395572
674420565
866412728
439634833
554128948
511283509
864413084
455896365
558891770
817590983
166758431
842002067
369351614
767005512
916484795
776791687
880686234
619513524
787017077
368029403
604774198
807197966
785725375
686269893
390283322
790044221
567341403
741131913
396194382
572388647
537816091
204131881
773398740
921723181
827586591
459023112
895738961
116188431
548533556
104314119
527461143
759471156
341923740
766811923
527076853
841773706
867451750
717264047
724720928
865587142
682812826
440761857
73397779
377196436
727765924
108972595
753137142
775992071
397139754
55257792
582391499
347398622
816842629
773185043
143071995
739638801
699686784
659817202
183417688
179740601
455854072
617043620
828159831
825006623
568564857
438586490
838986140
830425276
806419776
803661209
729135840
874047748
751591747
720263986
435865858
754567079
783654822
577149508
709535085
828973036
805336089
661864715
661005188
707105042
664684124
183421436
728303010
650680286
879738350
400053264
3297906
774743090
676255225
411483750
726834586
147804330
565370367
313092884
848285985
508974650
217917257
600280800
454420847
716380046
482082070
460526501
459184376
620313597
413155206
344064162
324956412
254696102
580338126
611009458
658400164
427921707
233682218
529938350
890901163
253989911
635195033
192507369
396849803
727098304
446117669
618494725
306440449
412732408
640241275
776517649
302067100
348332571
451999004
614279578
553996234
624462488
671612090
487476793
427123536
417164839
535272158
435503016
51879840
542784640
120204646
luciferiys
CoinExtrude
Gamma_Ray1
City_klad_support
andrew_wasd
intwork77
akbarwox_ruziyev7447
k_a_t_e_2
Javokh1r
AlexeyNoskovich
RekaMarket
SilenceFallen
TeleZaim
Dimonnok
K1on4ik
newprikol2020
Scream7707
FilNikTelegram
LarryBrackdown
infi44
combot
AltynAbdukarimov
Ozyryanova
Carder_man
sleepwalker777
Rapid_Storm
mishanymisha
misterkrabsss
Javanna_Marivanna
MrSVAn2
CarsLiveLogistic
Magvso
nith_kurl
SharkForexBot
Ta_samayA777
ssdgdd
beleine
OsipovValerchik
Juliya7suravtsova
kurl_kurl
and_77_msk
chilloutshit
Vityay
Collaboration77
vano321
rfdfcfrb
pavelsly
Erinna1
Kudaudem
lamabama2
cyberbudhha
enotik44
i_sm_a
minpor
paycheck_tg
tony_lampa
kostik_two
MPOWER_BOSS
MRIZll
d1oniz
cash_lord
mal1kov
dexline_team
Storis_makety
TAN440
Kobe2_4
Antonls7
mar_shall0
kiSLble
BBnet2
tata_lu_borea
genivieva
insterr
htmliris
portman_063
bornbe
Info_TGPromBot
FrostBuy
vitya228v
kilichbek_kadirov
dev_sys
ninulihka
ilfaaat
zeydinovbet
Alice_by
TGVIewers
Mr_MikhailKim
King_drop_opt_max
La03na
Dengaonline
Aidropper
h_e_s_o_y_a_m
lolstea
alex_ms13
SCAMVTELEGRAM
B2B_Jewelry_Admin
nailchiksam
D6ndvFd7
Man_Chanel_Admin
TheBest1tseBehT
aelechka
freadish
Nazim_2019
Lencore
NepAlMi
ProfiSmm
Your_manager
nakzar1
dostavka5
cyber_ghostz
Badsayask
MikhailKim
annafang0
valad_k
popkov_techno
Omen_the
vestindia
Almaz1337
googlestorefre
best_manager1
stellakoro
TemaOFF
kracotka60
EvgeniaGergalova
preston0
podrugaspb
Sovinsky1991
uz_KursAds
FedyaBlack
LogoBuilder
Best1seller
pintfb
Hidden_user
Walter410
Nithis90v
decartito
Anastasia78788
theftmaster
abashin6
kapralof
CryptenosOffer
tochkawn
Jagonda
cc_care
Sharnugavil57
v_shax
find_rabota
Anastasiia_khokhlacheva
bogdanFox
artemartal
kwisupport
goddes_elena
mr_karenin
realtok77
ShadowsLine
Makarfill
archibald_auto
Justice_ForAll
xm404
Ishekrvdk
povodnik
EgorovaAlinaa
TripleSixResearch
Bendgaminn
b_dag
winebbiz
angryfarmer
Larry_Sex
angelathompson
tokiogu
mayglindi
DenisVet
DiabloQS
he_is_georgy
Denis_915
raskrutka_online24
orthodoxyman
energy_dream
KerimNa
Amazon_yeap
BBestChange
seidbot
Maall00YYY
crowofp
Br10n1
no_pa6ote_cI0ga
ilyarayhbaum
Bologur
di_tonnikov
rinzaaaa
Gregfromtracker
DA_SalAd
SeavegeN
max_robota
Dedicate_s
bren_doo
stnc_tg
evgepavlo
ilnur_1984
Karash1965
cosmos216
Hamid_2340
andreybn21
Srivanov
AdaltTrafic
Goldlion32
nd23kew5
Airopt1
maksimtop1
btcott
Pro_system
vikshad777
mjasso
fialka177
RedrickShuhart12
Adilan006
simon107
testaccount98
kazbekdem
Alexspb3
goosbet
Biofinity
tradercounselor
Kovanceva
video_mosh
Roman265
Redoclassic
dnved
TaisiiaBerg
goldykush
berycash
nit745
ICEADMINICE
hajgaj1
vernitesotkykloyni
AleksandrLider
Dmitriy_1saev
milabork
step5561
AlexSaxno
USSARMY
zvenerovna
kristikrestik
ec0rp
AlexPeter2020
brukdmitry
grg788
mgrup7
denisss1337
BaldMas
inang
Liza13376
hariton1306
vrednosty
StasPopox
Glaz_Boga_Maksa
Freebie_Vsem
MagicStephan
vera841
mariyanelepina
ShoSupport
AksyonovaAnna
Arbi_brat
Centyrion_1988
odmintzbot
borisov_eugene
Vadim_Arbitraj
pavelvmrk
ILya_Boss
zhubaeva_m
mva770
jetluck
AksanaSCempowr
olgamalysh
klif1981
lshnaider
christy32
dark_angel906
robokok
special989
copywritertop1
wtfuser
HAPODHbIu_CB9iL3bot
frick55
Wikium11
mescaline00
Poshtibani_irangram
Hustler_money
RC_BOOM
Mxdsh_01_2005
Dmitriev_Andrey
openteck
AlexByrn
toboroda
dingdonss
SlavaMelandovich
regaspam
sleepwalker2020
travelmindpro
Agit_PR
Casino_Crypto
LanaSvetlanaNikolaeva
a1oha
ira_reys
belov_d
typostavkilive
Tom_Ass
nooodya
region21kh
c1ava
evgen_IO
romangenius
zzzxxxTT
powernightkrsk
mypython999
chhead11
SatorArepoS
Stasiuk123
stepanstolov
bravo19876
pivov11
Hloris1807
s_kelevra
ArmaniEvans
guffoni
ShmaltzAlex2
FomenkoPaul
Nikofreelance
yamarina23
user_067
oIdproxx
Iraslava
aliseli
akseev
EkaterinaMolodykh
mark_97
maximkravets
kratoszakaz
good5555555
dimasikdimooooon
Russscom
lCrypto_t
chillpep
Yliaho
MyMotherSay
alt_core
OLIBKA
arturchik19i
Lakewaite
whoishkk
Bro_for
Cleve_CaT
Justwa1t
prota87
plnqq
ana_grid
forumoksupport
infomarketltd
sergeivanovich
Messyd3
Doirona
olegon777
aki100500
Viktoria777Pobeda
Alex_whitebet
goblinssss
atamah161
uganda_knacklz
manager_pbua
lmViolet
big_squirrel
ondrevv
bugmouse
BYKOVSKYI
ludakarpchuk17
alekskipr
IsenBar
rechickiy
Dj77_7
Leshafilla2
KeyVpn
Morpheus_80
sergeisolodkii
MMaxV1
RuslanKhabi87
Haritosha12
IlonKartash
log_pp_amaz
alezgbeni
ittrack
teamcookos
OlegLogi
scifibro
A2A1A2
perbog
do0onik
sonatabro
Hhgvld
lenox38
rustam_lukman
reser
cosmos200
waveez
Daniil_s4
Farrux_Mardanov
Guga888
FoodfoxCorierbot
Natali_fresh
razyebyebalo
req_cookies
james_lr
webshikprog
Alex_postman
partyws2
pwr0987
M6544291
alterhelp
Criptorgiinv
Jeyful
tolynTe
ghost_riderus
VSaaks
hover9
valera23255
mila_khalupenko
okeyokey7
jointoleave
skam_skammer
schanonim
goodtaxo
alex0425
xsdelki
twohundredtwentythree
KISLOTA_Oper
LibertyCitizen178
nik_bm
greenwheels71
bang458
Imsmolboyjkoilk
SubComm
romanchuk_ya
Greenestea
replik
azalikgg
WORKING_SS
dasaeh
rupperz
whr613
nast92
meh_managers
BertImper
Bespredel
TGK31ABOUTBOT
Business_Artur
mehanik_n
Zvith2020
tagirtagirr
Old_altg
insta_batya
KuKlux
reklamapomac
max_reynders
m_dashutaa
vladimirburyanin
eanesterov
Alleksandrias
GASTGOST
kegoroff
ebuchu
artomso
swenneyt
d_bsx
DaRdasSabba
hs_hot_snow
Kito_Enomoto
MasatoshiNP
RichyBitcoin
Cryptos_Bro
Ergazi84
cleanereg
alexa_2000
PYTHPR
Ycnex_1
Trilte
zoiamal
tran68
vitaly_stepnov
LezSerg
stefanferdasko
Vadosov
Hhff1380
croitek
north1ine
bitokpro
laxosio
mrFrodosir
molodoesojalenie
kagorberezoviy
fidiiddkkdhdhdhdhdhduxiid
K4RTOXA_WHITE_ROSE
VAkelyev
Djordano_Bruno
Karbidos
asizh1
Sergio1808
gurubor
Menegerjos
NaziUaKyiv1488
backbackxx
ReznikNatalia47
Vitalina_Idris
an5onich
gorkagovna
invisibility28
Bayer_ua
letter_by_july
dasha_613
lilhobbb09
Kovgangrom
madamtatiana
costumerx
Ruslan_hr19
nodead31
RuddyB
NikolayChen121
Anton2018new
realty_rf
dorozhi
nulltyper
SmiIeKrm
direct_by
ooooleg_zaicev
XiLLEN
redeat777
boe973alelinspeach8oo
mrsano
FarmaCent_support
trebuxa
alfazentavra7
Iuxshop202
chingito_optshop
D3RV1Sh
regtgkz
mironenko
ustanovka1d
rassel_fox
ZioZeo
postters
anecabve1989
illumisa25
geolancer12377
urengoi1007
sirius19_20
MVG64
effendirus
iHare
bylo4ken
SamilieP
balu777777
bohdansss
Nakru_tello
Maloletka_12let
Lena100kiska
kaler654
sasha3591
dima_v_dele
pozitivich23
vasiliy_lebedev
tolik4s
udkitu
blowbillie
upravlayush
blurasatva
tigritsa01
Naidraug
proffirus
marko_lev
Nousernameis
adele_khaidarova
Nibbler_lord
silberstein
atakazakata
strelkabiz
miffbos
erevantop
st_sliv
feeed
Aleksvtope
verafrol18
fishteams
fedotti
GorbunovD
baksnrj
XL74444
zhe_ne_4ka
TR4FF1
Shamaifilm
SayB7
Dozornatik
mr_shoaff
arinalikearinaa
KOVARNIY_ZMIY
oneldnr
paskyphd
gift200rm
Aiguln1706
vazhvitgen
ghjbvfknbgc
Comf0rtable
Everywhere111
xeniyareshetnyak
UFO_Marketing
copywriter_top
Patron134
kostyadzuaga
milaya_od
kirk_go
xoxxel
konstantintopchik
z000rk
Vasjavverx
GolosInst
Sergeynk
kirya_vladimirovich
uzassistant
oopsa5
mkxgod
NIAcorp
Alexfri
City_pods
supermonter
TheDarkSideNo1
liiinking9
lemonmaker
k1r_sod
qwqwe123
BugagaS7
CrTopsl
GruGlo
PR_Volga
AnnabellPo
vInveste
teleprof1
about_wtf
potienkoo
DLX_moneta
thanightsprayer
USveta_Bombez
sivash_a
SMMPRODVIGENIE17
DaryaDyatlova
timuraleksandrovich1
nantons
nonpersonaltg
belousovt
kulnessnosen1984
LAIMPICTURES
Medusa_zapas
xworkx
prostavkiteam
DrunkSanta
Flybetss
ihor_1
target_pr0
High_Quality0
giftsusa
kwitto1
manager_phone
khamitovildarr
scammers69
maksim0976
tg_vlad
volhinalex
viktorril
qwet_tm
WD_BLACK
china_help
pin4er5
astonm
move_job
investorOK
triumf_s
arbuz_u_zubra
AndriiLysenko
m000m000t
puk576
matruk678
alex_aliex
qwerty111333
nighttaetnastile
COBAstian
usya_u
kabanspamer
Kreativchik1
antonsquare
spirid90
stillerqueen
dibatalov
argentumvitae
Bratbroo
asa0001
Dreednomo
massage_novoe_domodedovo
Ivan15k
lol111112
qryer
TelgPromoSat1
Camusfr
psyadm
SMMKAFUN
matnovi
RomanM7777
eSports_sphere
vika_admn_2
vika_adm
SW_investing
aztarget
applestorei
RustyYT
AKYLEHOK
wsb_adkash
elenakochueva
Oumuamua18
ktotojest
IlyaK2
Garant_Copy
manager_kirill
ZKirilll
krasava911
puwkapp
DadEngeny
dmradenko
pechenga777
Murdesy
kozirant
trosjfrog
FinnMertensVP
andrey_php
denis_glushenkov
king_of_41
andr_well
Killa_gram
Microsoft_toy
OliverYork
social_enginer3
Nata1sha
AlinaNs
FELIX_8
xerksx
bankotrobot
SoundMen
antonmn
Edelwiw
dashalove666
Surikr
Sickskilll
vergstar
ekb_maski
Kris_ness
andrey_anikeev_Z
Dredd_doc
SmsactivatorRu
biznes_group_ukrine
AlexBizInvest
toxixc
BeautySkladAdmin
Melanholir
aflgensky
ruslanmurtazin
PanterliveSell
hackrel
lozaeugene
soft_profit
Unders1
Vvaadiimm
diishdbrbfhxhd
asilbekkk04
grammtell
masha_co
Snipar7
Yakyw
tv001
kirill16
ulianakuliana
Pride_sho
sensel88
Igorek_master
quvaed
Nastena1613
amanda1974
morebeer
OneSpoke
innakotova1
Semesko
MakryLLLa
Name0109
Irresistiblevibe
nastenaslastenna
pyTeleBots
PandaLoL
kaliningrad39kenigsberg
hariton85
shsyee
pokemonasa
hizerd
agent3632
dDimaFlorovbot
Shakurin
HoneyNMoney
Zetkv
GoodwinLMAO
voodooge
SyStemIIess
RF_sjob
ololoshe4ka245
WORK_WORKING_UA
CallMaDrew
soultime29
Nikita_tomin
copywriter_top1
olegz
topvtopadmin
bennett2000
marselle2
Jack_Frost13
Pixize
xPaullxx
LiliNigga
admiralgm
svobodaslva
Wavestudent
itannacom
Valentin_Kuz14
adelcrypto
naturnikax
contant_manager
brilliant_work
agafonas
DemonNik
vidaron
gagonin
Krypthon_99
iCloudOFF_com
Mr_Shizik
Dmitry_vest
PazlPROcesser
angelina9897
Marat_Saigafarov
littlehu
alexpliev
chevdar_ph
TheRuslan13
olekitka
solkoz67
artur_photographer_sochi
Senigeta
Gera098
stethen54
mcd420
imsashasql
spam_tv
snus_pac
APM73
ebyndra
ProDeve
m8383380
Guuruuuu
DimaSoLL
dmyuras
Milanochka2310
v94eslav_v
fertynas
XlPeterlX
Z5400
beliy107
instamagician
Vongon
pikaperr
Alexander_hrman
your_administrator_online
Egik52
pussycrush
nyankus
shazor
KamolHojimatov
kostikova_nfs
Fixed_admin_service
Sergeygr47
DewinLTD
Djeymar
AvtomationAdmin
telescanner_pr
Lefon7
kalash_roman
art_parfum_ru
Seykota
LizaSimpson
spunkyhero
BANNEDREALITY9PZM
tohalll
investmany
danilant
dpulya
xnxbro
kveIq
alimkhvn
Pro100Max2Day
Arttrr01
SwixMan
brsrk
azaseel
fanisfr
BlackKaiseer
Reinmand
vVvlad1387
Nevadagirl36
business_arbitraj
iniBD
uzumaki_f
Undina_Vitt
Oleg_white
dmitry_mishcenko
TimeShoes2020
crystalhead_hr
Mark_Nait
Lycode
Evgenia_A
BestBoys_Team
amankulov_n
dekofe
pelmeshek1706
luckydad7
viktor7498
HyipInvestNikolas
tokian
mgolubevklg
proptrade
glebik_ua
doctor_uga
bcjjRU
Kulikova_Valentina
jimsmit
Financier_UA_RU
alena888
ynmeng
Sabapivot
Ukr_admin
asbychko
ObserverTeam
unclecalls1
Gennschef
yaroslav_alyanov
BodyDeBuilder
tratata1122
mila9mila9
nikmiken
sharky1589
gendalbf
Alla_1982
Qwaros
socservice
frankcrds
Advert_hoover
Michael_Vladimirovich
UFA_Alexandr_Tcarkov
larryw1ns
SantaOff
Simba_king
NewFilmsForYou_reklama
kvolgin
livecinemaclubadmin
kuki35
N1k0nov
paradise_nation
maksmil
Silanna
skat_qwer
alinatarasova1981
VeilSidex
anana77
anastasiya68S
DumbestOf
BesPontoviy
adm_sd
maltizer
visoloo
sraud4
team_investment
EXCAVO
kolyastrelnikov
Artem4inko
Dornh
lalaaxx1
FedosovV
Nutellali
lonely_iceberg
agaevy
Dim_Sliv
kitsunders
KamalMuslimov
Nilolayliubimov
Halafafer
zedlukeng
do_reply
moon_cat_tv
morty_smit_lab
vika_look_q
antorp
rozochkalyda
TimHedrick
Kvartplata
Dmitryzzz6
cooldudezz
Eboooooyyy
deqdboy
Ibbkg
paveluvar
elenalabetskaya
viva_tut
ohoho13
Katya9595
gotti_gotti
battle44
Adam_Nelson
Igor_NV
dogovor_alex
sonnnennn
VyacheslavGrigorevich
Dmitruii
predsedatel_parlamenta
Alankirck
Kaneki4q
Alex_moderator
freeregip
culligan2
exedos
Caresv
satanic_nyaa
erlakov
freelanceupwork_uz
remembermember
wmngr
Rabota7103
fucknorm
TeleTonna
liroii098
Alex669
Alekseye2
kadrovik_provereni
panteleimonov1
suck1tandsee
sniffes
mooneycash
clubm1000
ru_mafia
Alstellar
JaluziNikolay
kozmap
DatDope
Emerxom
venera_189
Artur_ateo
Stnslav1
monkeysuppor
goldlion01
Procik2020
Kate_PP
kirrosss
Mint90
Jawarylit
Nikogdanepoluchu
maxts19
dehujndw2
Alvert_0
matviv
Planet8080
LeilaN87
brunette_tm
AndreDubai
feedback23
taicia85
Sergo777778
vladlok
yakov_goldenberg
Vertsinskiy
vikwagner
MarishkaGG
Xitran
iVladistov
payreceiver
jemchuznaya1990
BSYKT
admleon
kustmusbzd
Amin_abiri81
Dldldl
d_strelka
Pavel_Volt
OTLLLEJIHNK
Megajuice
nata_koleganova
tiktoktop200
StranikP
kustikkl
andreiandree
Doc1085
Your_Fear_ss
io171
sammymi
cladmen_money
thisiskateiskate
mr_serdg
Red_Records
now_freedom
Vivvink
fest322
freskootziv
vkoverin
rk_eleonora
SmitAdam1
Juice_cept
Almaty_pro
ELLA_USA
dimko0069686
antygeroy007
Bloodprinc
alex_sedlov
KrKira
nikabalu
kgkfjfjfjfnfnfmfm
baishan
serbosk8
Ivan_Ivanov_Smm
chpokmenn
outemeri
CrezyV
Homeakgomeak
smmMoss
alex_irina
pin4er30
imceobaby
Beznakaz
dima1510
itua2020
mnt29
Vasily_Rogov
Sergioder
irinapmu
fake0001
xucan22
danikus_bro
chenjkai
qwe9876
best793
bigblackben
zarinaakhmedova
Olga8_ign
KonyashkaVpalto
AndyLoor
Pavl0v
ave_natalya
yes24
siderside
kovbinka
krasa93
sthiras
quMqZg
richKaiser
soniklevel
spahova
leylasufiyanova
vadimjy
olegyashin98
kyiv_support
mm_aks
Antony_Joda
Neo010101
ciganok7
TradeCapitalRobot
daronov
megadrive12
sevshukaerevan
Kartash_AN
serhii_sks
evrey225
andreasdilman
kudadi
githubj
sq_family
muravetskiy
genka_87
raise555
kristina9834
signacity
shestova037
orlova298456
haritonova9883
LookRich
Summergood
Blood_V
WildMidas
AnalnlyKaratel
Ivan_Coin
Bablosrub
The313
flawerbird
gruzovikprivet
mikkimouse25
TrafficHunt
nastya_cherry
denzzzzz92
Making777
zxccxq
Fliktizer
RUS_TAXi
sudo_SUpermen
vesnakrasna
kamil_galimov
Annasex69
kweie
roma_valkov
muti_dobro_br_o
CapitalRoyce
veniaminx
Bn1430
caesarad
Planworld_ru
Ua_maski_opt
SERGIOMEGAMEN
ruslanshpirka
maxlaaa
mikkitaki
igor9911
jack3890
admshuhov
smite007
stavka100bet
jesus13377
nikk08
nikulagin
freddieMm
Breshnev
Alisa_bet24
sexinbeach
crisking123
Typucm22
Ribanakos
Elerut
generous_wolf
MeIodeMoon
korchoo
TG_admin_birzha
kirahappynes
NikitaLAzyrew
KrpLock
spiridoncyprus
mafproadm
UA_AvtoManager
Asdzaq12
Asxmzd
mklinova
tarasfedor
onbcyT
stroi_GBPay
bilusiak
Nn1881
s1s2qwer
thattang
comaks
WEERER123
Topic_Starter
veremud
infamous096
Dima_Gram
rytetivdet1
CrazYEnvY
gashimov_r
nnmed
Murzikov
Phantomhiv
Sobolnikovao
zakladkibotovod
gayworm
youdovhan_target
proektuyuta
allbig_ch
IxxIx_xIxxI
SpiceVagon
I_love_btc
WORKING_LIFE
zazu_39
barikss
Patrik_DNR
Capsula_PP
artyom_prime
garichwith
e007kx07
avtomarket24
liveisprofit_piar_manager
blakkro
ChatKeeperBot
l8mooffon
pkochnev
AlphaMan
sergo1970
paranoid_ninja
X_3_X_3_X
goscc
joinhider_bot
ReklamaDavinchi
urigarich
Fire_PM
bogatyrevstyle13
germes888
evapoly
ssjkdkfkflfl
Kuzmabog
Guccimen161
lazarev_mikhail
Arkan_n
kosWine
lutsakandrii11
Fanat1_k
maryworks
blagoe_del
dropshipig_ru
williams_black
markstarix
star_tg
oil_trade
Daaeek
supsim
LolitaR1
operatingadmin
leotraffic
Qwqwqw7767
Aleegarh
Nikitagip
Fadihas
tg_investor
a_77795
NE_BIOMUSOR
pavlusha1337
Serega_19905
vv_job
Cryptomylife
OPERATOR_SHOP_MONKEY
Nataliexy
connor39
Angelas24
PubManager
artemproger
Avitolog_5000_rassylok_Aleksej
Pink_member
BioWars
annamianka
zamanhigh
CrazZzZzyS
Novgorod859
I_kill_your_love
superadmin2020
Popandupimis
noviiaccount
koba8866
coffe_mate
TRUST_FB
levgrin
bf_cp
Iskariot_one
DelarDrugs
Potsha
cocucoc
useyou
blackenog
Art_prof
rubIik
Andreev_Alexandr
intt7
d3law
zingerbausa
mr_trusty
Ju_ra1
Tima0
avagimov111
Zverev_bz
Max_GQ_Style
ibelieveicanflaevich
sellerbotovod
Ivanikus22
hanky242
moneyyttmt
llwlwlwll
Amsterdamru
leon785
aaccsteamby2018
suiz2
skeptikmlm
F0xss
vio1112
Frion001
valen_v
rrrr_5557
LeonardVaxberg
dark_hh
dacardinal
ha1rd
cookbet
BestBoysTeam
syneste
anton2020o
AlinaWOM
qwertyueio
yarichMar
mironspace
alexisrent
natalo4kat
alebardo
bb_pidor
sotomoll1
Crypto1994
Redmal
pappazinger
FilKip
doodleggg
MarishkaVlasova
SoL7848
nstei
Hard_Tom
usernameffff
Rimom
Sasha_557
rich_edition
love_you_18
svbdvgksv
ViZazzZu
danilov0556
steve_jobi
Bor_550
fan_t77
ruslanrait
pin_kod
Linkingadd
likitang
FakeNr1
superhurricane
ssuperman
Forest_Kl
MajOp4iK
homkaru
tgseller24
bettop99
tg_star_tg
moto_agent7
petrov_igo
Anna_ana20
JUKOWSKII
YorgiRus
a893330002871
T_T_kingtrue
trafik_pr
miklecab
annylionheart
lunnaholy
wladika_m
HACKUSERVKONTAKTE
alemax777
ausyas
AleksssP
no_controll
JuliaButsyk
AlmazGin
Makswellbiz
zaal_photo
LexLuthorTakTemno
alina1995ua
liinarubleva
pushmagic
Alinachich
VirtualNumbersRoBot
serhii5557
pizdaept
zaharvasilev
tatar69
zephix
kinza_q
bitok201
bob_sab1
Dfg_7
Djj_1
fan_tg
Flamedemo
zhilbylv
lenanepoleno
grwfwgrgr
Brookland
peter778
alisaloveme
sr_golikov
GasminaKraw
arthurwayne
Ultra200
Michael_woozed
Vaha_drozdov
tg_start_tg
Alexey_ki
Xsenus
bemaanche
legion_zl
stay20motivated
ryzhkin_v
ufarafis
Verhilova
bitcoin_killers
gbet_admin
zelenskiy_loh
Metioritik
Sasas466
Fild3y
v41gur
weligor
itsme178
Larisa1976
babul9i3zhevska
stin182
romanmaclien
Ev1lwith
Mark1298
hookah_delivery
Anniom
RuslanDN
Evil_makas
almaz_fx
coorr
vreasf
osafatanashim
simbi0s
Denis_Afonin
Boris_Mitin
metahnet2
odesssaaaa
Stas_Sergeev
twinturbo_msk
ZJla9I_3a9I
Maksim_Dolgov
rezkinnn
Stanislav_CHistyakovIawrB
Vladimir_Pankratov
favvorit
Petyakili
Nikita_Aleksandrovplr2x
Stas_Tkachenko
chikchiken
MariaZZgg
You_do_not_know
Tester_And
daniiljob
tratuti1
rsshole
taxist_dar
lacocaca
OOx0x
invitation_bot1
mizinov
blackout_cat
easyK13
Hayaba7
hamosif2
alkogelik111
tugarinzmeyy
pro100nurick1
GRAF_ALEX
shop_uaN1
Oklaham
Irina_Prokudina
poilo43
Sofiya_Bobrovskaya
angelinka_94
Kiss_Me83
arkawae
dmitriy_2_0_1_7
exezs
viuli
Honey880
voronkov_ventures
bossmiller_13
weedhere
bmnb_group
Subotnitsky
dant9s
ClubForVip
AleksSh01
mitokk
d_spys
GD_MAN
KopilovAn
Lm_beat1
Consul_job
petrovich081
urban4898
ourowner
Olega3202
voinov_ir
sizsiz8787
mrDenton
KatenkaAdmin
dark_enroll
Satana_sosi
T_T_juk
Fashion_hub_manager
rambo3333
taSHtU4ka
WhaT_The_Fu_K
Svetlana_Ryabinina
goginogi2
denisvladivostok
CyCybe
AndrianaLagunovsky
Summer_felling
timur_reklamabender
dacha091
dinaradon
fufelpi
more1000
jah_love_me
mmdreza_qp
Argyn077
X_1job
caffeborbonegenova
izumon
Skupka_kanalov
RedStarNike
parfum_city_official
goodraw
valeriipetrov
pushochek1
casinomaste
Oleg_cpa3
WorldSearh
trafficmafiasup
takentouch
JOB_DANA
RosFreedom
RobertYork
roy4roy
mirkod1
gertthomasoff
Bel_Post
staszelenskii
Zzzdddsss1
checker_net
po6otWallStreetBot
Blackstarbully
Leadsrealtyspb
stickerlp7
Alibek_Larionov
Spbrealt
katyushka090393
IlyaRozum
side13
valerijsb
aromaslim
Rthigtj
Jokerkot
lantony
SwasMML
B_K70
IvanKrechet
francheck
AK_FB
Akmal_333
Ylrick
daviddgeb
Estate_Agents
Work_for_tg
topunite
CiGeDi
Billy_F
kemal_55
Lioha369
wizard_trade72
mmmmmmyyr
Kolayn_trading
misterleon
GG_Admin_escort
tollydollar
The_o0
PPust
kuznekits
carrerabum
jettmoiile
yaloleg
kalsuk
tik_tak_job
GreyCardinale
OxOOO0O
oxybes
Anonym911
Kok_Play_World
SpbTopLead
bibiza1
feelwhatifelt
Prohorow
DimaRadovsky
Artemefrem
garant_pl
sergeykuber
PierreDun
probivsim
advboss1
Viktoriya_Vladimirovna
obobik
Angeljob
sholom_m
alladinx
Ser_hii1
FromSokhumi
kahtec
albina_ivan
p1ke25
jackvor1
Ez276
Den1ss01
EvgeniyRash
matkabosa
CoinSwp
kolambra
nigafashion
Stas_aras
KapitaNius
Forat12332
VSEYAM
passsell
TaxiSpp
worksmen
D_A_R_S_H_I
nonameses
AzaniR
Cleo_team
uber_boss
AGMulder
chat_administrat0r
Admi512
frankdev
cybersender
mente_official_dorado
Valentain86
sulllivan
yammy_cake
likeprom
Roman_Gazetta
manager_bigtarget
lichik666
Kokska
dimonnov
ALEXUR666
great_soft
haricrishnaharirama
Dandes4
ali_isakov
Nastin_admin
mirak777x
abdullaev77
DrugsIvanovo
red_shop_der
papaseti
helllooy
bino999
la_strada
Rymanec
peacedate
kirill_voitenko
Betaald
Amos1L
MR_Alex_2_0
babrbiz
TamaraMelnitskaya
stk_ub
MrYesIDo
a111mr
FARTUNA
krestallll
madeunow
Kolyaphotoshop
Tele7mile0
Glamour_and_Gold_shop
dark_chocolato
oolleeggoovv
floodkon
sasan2220
pr_user
alexpetrovich1
Samozwanec
AndreyErzhenin
httpcss
Lubopitnii
datokrd
Descrypto
nastya22_1998
Didokha
La_Rick
alexjoule
NY_support
qwer2325
dizersss
exmoK0d_24
AlexeyJija
kraud_invest
yandzi
PROicoss
ga3eta12
andrygibs
NiceCasenet
eltonjohnmoney
Alexcheater
marykissgirl
crazycommunist
abukhonok
Crypto_bel
somebodysome1
Vladimir_FWX
Muradahm
iLnarmuhamet
Nek42
La_Cierto
tonyrah
aozlobin
ADM_CashWorld
ar7yom1
rtsapko
MelBlogger
usv77
ez1005
zobob
deadmaz
lemonyl
keen_tehnik
MedveD35
ouroboros777
meisterO
Frenkoo
mister_1x
Thomasshelbyaue
betterst
mysh_mysh
alexbudeiko
SADAS1
insta_activ_chat
bizsoftpro
hardlizkus
telegahouse
Rjokerw2
nenazar
alex_0111
VIT_USA
ShadowPKx
Pupynin77
romanstratiev
keeperM
Reduktor
demianbedniy
apitrade
who_wanna_die
TRANZA2019
dizneyv
cantr_privlecheniya_voditeley
Centr_Privlecheniya_Voditeley
privacy_guard
Jesus_Prist2
Kupi_bitcoin_tut
alex77_7
Jessy_OJ
seomonkey
ser_samsom
conquerinvest
sk_555
MishaPrav
maria092
appdevel
Grrooov
ifbet_prog
thebankercoin
VovaDan
mary_dance_msk
Miro_lana
astramsk1
artezius
Baglan_Abylaikyzy
Oleg_cpa2
Marcusbenet
RadioHuligan
trend280
flash_zaliv
Luck_H
sclabs
Tetra74
ethserths
taxiubergud
leshplay
nirex7
losbandidos86
V1od0nt
StupinU
b2s_tg
Ukadmarkad
denisloren
adfuck
b0t1r0ff
A_Elenn
Iam_a_gamer
Limmit
tgoooo
Spacemen1
vitek2
erauoyohW
xsant
Kopi_past
viktor_barkov
lenagreens
apxcrypta
AllenJohn111
bmrufat
dillerrrrrz
ICELCODER
nat1119
doni_blackstar
Orier
dengivinternete0
chikapika
cryptomakerin
TradeLog_Kirill
Vlad_Chernov
nagibatyref
ivanomax
lano_man
Cloud24
EternalBlueExploit
Andr0idPRG
TreidAk
m2kegg
Profitday_admin
vika_gvozdika
Black_DLM
max_live
Adm_Wayne
gur_max
armenbig
kapricios
Digital_Maryna
Vito_Geneveze
Game0verMachine
Fyhive
rpi82
A70703
Berizzefree
BigTomy
real_true
DecodeBase
taifbeton
huybekool
hgfdbgvhg
Inplus_uz
rabota_moskve_v
khmelnikov
goasha
lafeast
Denis_Bog
BioBalanc
YoungK1lla
gftfgs
ARCHANGEL6297
deneme9999
papa_karlson
ROOTsu
Jimmko78
Denispromo
MarioGlesias
Maxyshkaa
rr3ya
pethetkluruk
acs_tel
Program_hotice
krost_follow
Triicksteer
CryptTrade
Origami_project
Welcometomybiohell
Ksy_shaa
Sasha_Main
skynet_3
Cheshirman
mr_Wu_HungryRabbit
olga9009
Petoyashka
Edgarovich
OqHaCKeR
ndsrich13
Ihafizov
leakpeak
To_gysto_to_pysto
nikitiapola
luky_event
FNGWuw
shaman_fm
antonsemisalov
TEPPAHOBA
ol_semeniuk
alexeyichhh
horeca_boss
blockchain_forever
bearmedia
Brewster_tattoo
alexf11111111
vbakin
Brodar122
tiotecavab1970
Nemec1991
only_metal
pam738
snidee
horeca_admin
aigul_hismat
vanvan18
valerkac
betadvert
Endardo
just_issus
Da1ren
zildus
Saint_Petr
MenegerApartmentBot
integrator
Machocho_spamblock
alexk888
shumilov12
gurteqw
vladlytvynenko77
maksood2alam
CryptoHANNAH
adrenalin_my_atmospere
OSKAR_MY
taJinga
HenryBor
vodoleylo17
hard_tommy
LEASSEN
Kir_ri
TaurusSsSsS
Geliazay
Pobedon20
shoot4trouble
amazoncourses
bb_13_bb
tik_taha
VALET999
userphd
yamolodost
Ridgex
Cegodna_kentA_zavtra_ment
Goronez1
Ukollo
Lyubart
kotenok_woof
odenyyou
olegoleg777
cedremik
Ievgen86
Kisa_Kayf
unknownenemy
watches123
cctv10086111
AteoKun
nebr1t
bingotezis
larisa58391
moder_lab
Donattel
user12_3
mr_freeman_smm
AliexKZ
Stas_Kov
Z3KY444
BOBA4KA
belliric
qwers123
arbatraf
ProffitAdmin
SorokinNikita
ZAvTrABrOSHYvSe
kzMixTape
nonamerequiredyet
escort_vip_top
us_211
nikita875
LuckyGenius
liot111
dd7iu
btcwhen
woodpeckerwody
glavadnr
seriyozniy
jj_jjjjjjj
sts2sts
nkt2nkt
viktorleonidovich
Snk2snk
sakhalingov
audi_a6
kvaskar
uabanker
red_ram
Evgen07
NeTvoego_uma_delo
anya_blur
realtepp
Setkh
tamperplay
banofbot
obnalcartcc
ACNinc
Rolandovich
assistant_dark
AlexBlum
PAULSHARPS
zaebatovse
zakkk7
zzzzzzzzzzzzzzzzzzzzr
hennessy_off
zakazchik2
lozovski3388
alexpromotion
z_EVS_z
Meerdook
okiril
Rafaga777
pioner92
cpainformer
Xolodok1
Online_support1
Da1VeR
prog2k19
lena_vorona
jmllll
FalIOwer
velikiivg
lil_abra
Aibi26
JuiceDrews69
digger92
greenad
AlenaSava
gvcxdtb
rkn_russian
tiraspolMOSCOW
ilnasik
speedhack
immelnik
hudeem_legko_i_prosto
Yoove
nasibacot
998903276745
79181198787
18045004439
380661652465
998936191744
79639988621
380966845883
998933840173
79055416577
77768457065
380999604696
380685287069
380997746447
972509905087
380994522153
79113403627
79268243886
380685958103
19783961533
77072878034
77768337542
995577088592
380634494354
